Some puzzles that the program can solve.
easy1.txt
 0 0 4   0 0 0   0 6 7 
 3 0 0   4 7 0   0 0 5 
 1 5 0   8 2 0   0 0 3 

 0 0 6   0 0 0   0 3 1 
 8 0 2   1 0 5   6 0 4 
 4 1 0   0 0 0   9 0 0 

 7 0 0   0 8 0   0 4 6 
 6 0 0   0 1 2   0 0 0 
 9 3 0   0 0 0   7 1 0 
 
 easy2.txt
 0 6 0   8 0 3   0 9 0 
 7 0 0   0 5 0   0 0 2 
 0 0 9   0 0 0   5 0 0 

 8 0 3   6 0 1   2 0 7 
 0 0 6   0 0 0   8 0 0 
 4 0 5   2 0 9   6 0 1 

 0 0 1   0 0 0   9 0 0 
 3 0 0   0 9 0   0 0 8 
 0 4 0   5 0 7   0 2 0 
 
 medium1.txt
 0 9 0   0 0 5   0 6 0 
 0 0 0   7 8 0   0 0 5 
 0 5 0   0 0 0   1 0 3 

 4 0 8   0 2 1   0 9 0 
 0 0 0   0 0 0   0 0 0 
 0 2 0   8 9 0   6 0 4 

 6 0 2   0 0 0   0 5 0 
 3 0 0   0 7 6   0 0 0 
 0 8 0   3 0 0   0 4 0 
 
 medium3.txt
0 6 0    1 0 4    0 5 0
0 0 8    3 0 5    6 0 0
2 0 0    0 0 0    0 0 1

8 0 0    4 0 7    0 0 6
0 0 6    0 0 0    3 0 0
7 0 0    9 0 1    0 0 4

5 0 0    0 0 0    0 0 2
0 0 7    2 0 6    9 0 0
0 4 0    5 0 8    0 7 0
